d2star	AZJX01.fasta	AAOK01.fasta	NC_005835.1.fasta	JPOY01.fasta	NC_021058.1.fasta	NC_012660.1.fasta	CP000410.1.fasta	NZ_CP009789.1.fasta	NC_009481.1.fasta	ATLG01.fasta	NC_008817.1.fasta	NC_009004.1.fasta	NZ_CP009887.1.fasta	AJKU01.fasta	AZUG01.fasta	AAZW01.fasta	NC_007335.2.fasta	ADXL01.fasta	AAJM01.fasta	ANJD01.fasta	NZ_CP009494.1.fasta	NC_016856.1.fasta	NC_007712.1.fasta	AZKB01.fasta	AFAO01.fasta	NC_017731.1.fasta	NZ_CP009976.1.fasta	NC_003911.12.fasta	CP000312.1.fasta	NC_017196.2.fasta	AE014075.1.fasta	NC_002696.2.fasta	NC_004547.2.fasta	NC_022569.1.fasta	ASWV01.fasta	CP001733.1.fasta	NC_003910.7.fasta	NC_005072.1.fasta	NC_005071.1.fasta	NC_005042.1.fasta	NC_005070.1.fasta	NZ_AP012544.1.fasta	NC_015183.1.fasta	ATLH01.fasta	NZ_CP009840.1.fasta	NC_002754.1.fasta	NC_008820.1.fasta	NZ_CP006882.1.fasta	NC_008054.1.fasta	NC_008819.1.fasta	CP002491.1.fasta	NC_020528.1.fasta	NC_018679.1.fasta	NC_016810.1.fasta	NC_012971.2.fasta	NC_014010.1.fasta	CP003184.1.fasta	NC_008542.1.fasta	NC_003197.1.fasta	NC_007577.1.fasta	NC_003888.3.fasta	NC_003098.1.fasta	NC_002179.2.fasta	ATYQ01.fasta	NC_008380.1.fasta	CP002888.1.fasta	NC_007205.1.fasta	NC_014230.1.fasta	NC_006461.1.fasta	NC_015948.1.fasta	NC_007795.1.fasta
AZJX01.fasta	1	0.701222	0.528552	0.597257	0.635741	0.653972	0.713623	0.728885	0.673964	0.733361	0.739561	0.750596	0.735425	0.698308	0.649202	0.699946	0.754038	0.657401	0.74733	0.656793	0.604614	0.726871	0.738907	0.99730697	0.602224	0.729428	0.734166	0.593713	0.686974	0.757551	0.736074	0.581734	0.739524	0.727353	0.64941	0.691216	0.77095	0.733788	0.738651	0.752701	0.680367	0.790735	0.668145	0.734884	0.727553	0.636634	0.742364	0.676159	0.713382	0.755941	0.811789	0.665885	0.695503	0.728081	0.728692	0.646861	0.688434	0.626069	0.726812	0.735714	0.625528	0.713529	0.687154	0.673333	0.672935	0.740216	0.727585	0.634543	0.528913	0.651297	0.746284
AAOK01.fasta	0.701222	1	0.654827	0.686019	0.62309	0.809757	0.610016	0.755492	0.9811541	0.703085	0.707248	0.61806	0.705606	0.760225	0.789357	0.738089	0.758362	0.9255299	0.667441	0.783597	0.734197	0.750236	0.782605	0.701811	0.602968	0.713056	0.70337	0.67277	0.671416	0.692962	0.757128	0.743708	0.756225	0.751148	0.791096	0.695859	0.727889	0.713137	0.9314527	0.75171	0.9620768	0.692454	0.758078	0.704237	0.749442	0.623342	0.9312181	0.967648	0.682775	0.758505	0.675767	0.757334	0.731037	0.751293	0.756252	0.636224	0.699	0.688727	0.750531	0.714137	0.741362	0.610016	0.708339	0.773632	0.773334	0.628337	0.697516	0.637568	0.654444	0.716594	0.669411
NC_005835.1.fasta	0.528552	0.654827	1	0.656283	0.573012	0.718047	0.537659	0.618797	0.67424	0.601099	0.578776	0.558613	0.60119	0.676206	0.759305	0.518887	0.574449	0.73015	0.579129	0.688321	0.737749	0.630481	0.631777	0.528629	0.516773	0.507412	0.601608	0.673495	0.607371	0.571334	0.613408	0.773737	0.570835	0.630056	0.759178	0.58217	0.543706	0.589058	0.623818	0.592233	0.700222	0.57073	0.663215	0.602185	0.551889	0.585687	0.623349	0.705542	0.714269	0.575622	0.548152	0.722449	0.555653	0.630402	0.619089	0.545074	0.622212	0.659826	0.630856	0.591299	0.803993	0.53751	0.577987	0.68937	0.690534	0.532206	0.604379	0.597433	0.999250613	0.679506	0.579363
JPOY01.fasta	0.597257	0.686019	0.656283	1	0.610579	0.763689	0.610309	0.703678	0.696795	0.583891	0.569687	0.582462	0.58709	0.748668	0.74395	0.629828	0.589001	0.716192	0.558846	0.782701	0.767394	0.694761	0.731123	0.595109	0.519651	0.633323	0.583284	0.899393	0.612758	0.625491	0.698284	0.795147	0.724294	0.695055	0.743134	0.677639	0.63292	0.570587	0.663173	0.584899	0.708179	0.647525	0.82231	0.585795	0.69621	0.619002	0.662174	0.714936	0.639314	0.58843	0.558121	0.804376	0.65034	0.695038	0.703214	0.774483	0.618093	0.747321	0.695137	0.573037	0.731657	0.610183	0.588612	0.811874	0.812426	0.605469	0.600637	0.588271	0.65614	0.689428	0.56369
NC_021058.1.fasta	0.635741	0.62309	0.573012	0.610579	1	0.594471	0.675331	0.702583	0.614844	0.663116	0.688024	0.659352	0.666788	0.676608	0.609427	0.649091	0.666232	0.629896	0.736443	0.595731	0.600224	0.701733	0.716195	0.637077	0.561096	0.676072	0.663378	0.605898	0.738463	0.65834	0.707731	0.574416	0.690369	0.701274	0.608726	0.653794	0.701211	0.689581	0.642082	0.661801	0.640376	0.659565	0.698383	0.665452	0.699391	0.979882	0.639352	0.638518	0.638345	0.665252	0.673093	0.663589	0.710113	0.701725	0.703384	0.628293	0.752734	0.565871	0.701485	0.694002	0.60582	0.675348	0.566503	0.673207	0.672986	0.703291	0.692295	0.675239	0.572961	0.628455	0.722554
NC_012660.1.fasta	0.653972	0.809757	0.718047	0.763689	0.594471	1	0.604134	0.775979	0.828616	0.611272	0.633208	0.597169	0.614217	0.826212	0.9393157	0.675241	0.660677	0.847996	0.607486	0.9428267	0.85805	0.775559	0.821435	0.650829	0.564589	0.655103	0.611695	0.797487	0.635334	0.624888	0.768882	0.865872	0.756216	0.776335	0.9391466	0.721046	0.690827	0.641805	0.753373	0.662155	0.820956	0.671427	0.801784	0.614689	0.723445	0.604548	0.755192	0.830096	0.751834	0.661801	0.589363	0.826085	0.710525	0.775688	0.775414	0.655165	0.631922	0.818606	0.775994	0.643722	0.842195	0.604184	0.62714	0.836617	0.836611	0.601205	0.672251	0.62007	0.716453	0.755584	0.621035
CP000410.1.fasta	0.713623	0.610016	0.537659	0.610309	0.675331	0.604134	1	0.668368	0.604544	0.728127	0.674758	0.846675	0.732731	0.670862	0.590414	0.704989	0.661702	0.605716	0.762648	0.612968	0.564478	0.668687	0.703803	0.714502	0.621717	0.744657	0.729302	0.576741	0.727113	0.721051	0.674244	0.561238	0.718265	0.66944	0.590882	0.71192	0.723365	0.676324	0.635672	0.647924	0.607336	0.690996	0.667836	0.731176	0.706876	0.679795	0.636019	0.601885	0.644364	0.665558	0.79121	0.621854	0.694705	0.66949	0.668316	0.671585	0.720783	0.590761	0.668904	0.673654	0.57679	0.999975486	0.680145	0.627973	0.627756	0.9360911	0.681286	0.664106	0.53673	0.654303	0.735101
NZ_CP009789.1.fasta	0.728885	0.755492	0.618797	0.703678	0.702583	0.775979	0.668368	1	0.740376	0.693307	0.673561	0.683138	0.696595	0.927727	0.749604	0.792263	0.681856	0.726926	0.700173	0.807541	0.660306	0.9726246	0.907902	0.727834	0.607807	0.821957	0.694449	0.691422	0.67782	0.704105	0.99763837	0.665273	0.9339944	0.9730119	0.749255	0.820959	0.806555	0.67532	0.747206	0.67568	0.734645	0.765992	0.794041	0.695867	0.9014311	0.698175	0.748582	0.735396	0.70522	0.682291	0.714363	0.757013	0.837853	0.9731669	0.999450447	0.767198	0.748527	0.662029	0.9727874	0.681756	0.669511	0.668295	0.653675	0.770471	0.770706	0.693009	0.67392	0.656846	0.618172	0.728166	0.708052
NC_009481.1.fasta	0.673964	0.9811541	0.67424	0.696795	0.614844	0.828616	0.604544	0.740376	1	0.676825	0.673162	0.596983	0.67908	0.762909	0.810828	0.714592	0.719113	0.9457449	0.645867	0.795952	0.761797	0.74164	0.77835	0.674801	0.593676	0.682207	0.677082	0.693233	0.652154	0.669138	0.740698	0.772149	0.737769	0.742277	0.812048	0.682394	0.698815	0.679293	0.898946	0.716659	0.9561015	0.668997	0.763209	0.677839	0.724268	0.616159	0.897242	0.9675658	0.681534	0.719013	0.641382	0.773515	0.71371	0.742547	0.741043	0.622501	0.67792	0.704139	0.741987	0.680663	0.760673	0.60461	0.68762	0.784721	0.784571	0.616052	0.669919	0.629911	0.674036	0.71489	0.639771
ATLG01.fasta	0.733361	0.703085	0.601099	0.583891	0.663116	0.611272	0.728127	0.693307	0.676825	1	0.791539	0.770544	0.99834444	0.672483	0.603693	0.723555	0.773748	0.670968	0.778638	0.615776	0.583001	0.693573	0.693836	0.735173	0.638412	0.762711	0.999281726	0.556457	0.781692	0.73713	0.699992	0.579767	0.703848	0.694647	0.603869	0.698312	0.793794	0.797538	0.74121	0.8008	0.690503	0.695309	0.653595	0.9985672	0.731664	0.651685	0.737072	0.691207	0.60013	0.776329	0.800015	0.640287	0.746397	0.694524	0.694186	0.650446	0.799684	0.573693	0.693637	0.798277	0.609917	0.727723	0.78485	0.640415	0.639647	0.756398	0.79298	0.864573	0.600768	0.634669	0.797583
NC_008817.1.fasta	0.739561	0.707248	0.578776	0.569687	0.688024	0.633208	0.674758	0.673561	0.673162	0.791539	1	0.753438	0.79444	0.65851	0.630368	0.681695	0.9483744	0.683295	0.803436	0.609951	0.604987	0.667022	0.66391	0.741121	0.532478	0.723757	0.792878	0.560773	0.844314	0.702993	0.679475	0.588905	0.667128	0.668228	0.632126	0.650446	0.77727	0.9841986	0.767884	0.9181769	0.721978	0.642732	0.615496	0.79409	0.69346	0.686568	0.77327	0.711834	0.647438	0.9498966	0.773587	0.616234	0.691061	0.667958	0.674732	0.588316	0.762164	0.611016	0.667077	0.9799429	0.637406	0.674285	0.704451	0.616882	0.615825	0.68588	0.879161	0.712406	0.5781	0.634298	0.819971
NC_009004.1.fasta	0.750596	0.61806	0.558613	0.582462	0.659352	0.597169	0.846675	0.683138	0.596983	0.770544	0.753438	1	0.774356	0.665663	0.594897	0.710563	0.738259	0.601131	0.779086	0.602876	0.569907	0.670149	0.690233	0.753001	0.601232	0.7564	0.771026	0.563494	0.764673	0.71723	0.688773	0.560167	0.704916	0.671287	0.596043	0.705122	0.776842	0.754016	0.655873	0.731181	0.62114	0.693966	0.63887	0.773318	0.720411	0.661462	0.658119	0.610106	0.623935	0.742169	0.839391	0.615637	0.696051	0.671546	0.68315	0.655785	0.737011	0.588164	0.670337	0.751842	0.597887	0.846389	0.701184	0.615041	0.614659	0.837427	0.746362	0.683162	0.557579	0.653816	0.794206
NZ_CP009887.1.fasta	0.735425	0.705606	0.60119	0.58709	0.666788	0.614217	0.732731	0.696595	0.67908	0.99834444	0.79444	0.774356	1	0.675577	0.606506	0.727207	0.777317	0.674008	0.782811	0.618468	0.584504	0.696459	0.697237	0.737263	0.641797	0.765923	0.99841626	0.559541	0.786268	0.740474	0.703145	0.58278	0.70635	0.697555	0.606709	0.702364	0.796357	0.800177	0.743905	0.803872	0.693778	0.697045	0.65596	0.99873097	0.733739	0.655372	0.739926	0.694082	0.601344	0.780172	0.802673	0.642846	0.749844	0.697413	0.697522	0.651033	0.80406	0.575902	0.696552	0.801219	0.611478	0.732343	0.785955	0.64278	0.642059	0.759463	0.796586	0.8652	0.600774	0.636281	0.801888
AJKU01.fasta	0.698308	0.760225	0.676206	0.748668	0.676608	0.826212	0.670862	0.927727	0.762909	0.672483	0.65851	0.665663	0.675577	1	0.812453	0.741487	0.661586	0.774134	0.676414	0.843303	0.73174	0.9426936	0.9222038	0.696825	0.603424	0.754727	0.673397	0.752811	0.677823	0.694929	0.9251761	0.751675	0.884834	0.9429233	0.81257	0.79931	0.745828	0.662641	0.733848	0.657216	0.760671	0.717917	0.830754	0.675458	0.825249	0.674636	0.736325	0.764689	0.704322	0.662077	0.663003	0.810026	0.791298	0.9426261	0.9271031	0.738593	0.734149	0.740205	0.9429527	0.666558	0.746879	0.670793	0.64097	0.825177	0.824732	0.680156	0.673819	0.649456	0.674911	0.76147	0.680217
AZUG01.fasta	0.649202	0.789357	0.759305	0.74395	0.609427	0.9393157	0.590414	0.749604	0.810828	0.603693	0.630368	0.594897	0.606506	0.812453	1	0.619337	0.647565	0.84058	0.628923	0.88983	0.878136	0.759155	0.807922	0.646687	0.528157	0.62538	0.603891	0.807502	0.652022	0.625422	0.74384	0.888481	0.716087	0.759477	0.999657901	0.675784	0.662179	0.636016	0.733228	0.658398	0.821416	0.657262	0.80948	0.607319	0.6761	0.621048	0.736926	0.822126	0.784284	0.650327	0.599687	0.866273	0.658877	0.759336	0.748975	0.621255	0.639636	0.85403	0.759383	0.639994	0.897243	0.590492	0.601733	0.867109	0.867209	0.593012	0.667038	0.611361	0.757653	0.784594	0.622883
AAZW01.fasta	0.699946	0.738089	0.518887	0.629828	0.649091	0.675241	0.704989	0.792263	0.714592	0.723555	0.681695	0.710563	0.727207	0.741487	0.619337	1	0.720196	0.684864	0.710695	0.691655	0.583423	0.775359	0.77098	0.698575	0.654739	0.9018728	0.723312	0.579613	0.630211	0.749766	0.795662	0.577584	0.848753	0.776694	0.619401	0.782315	0.883548	0.679038	0.773005	0.705246	0.687847	0.72802	0.687712	0.724384	0.867619	0.636216	0.76528	0.703071	0.578493	0.720621	0.75727	0.64101	0.9238335	0.776269	0.792923	0.690005	0.711746	0.578555	0.775422	0.683497	0.578055	0.705038	0.681723	0.66013	0.659876	0.731167	0.671665	0.667129	0.517956	0.643378	0.748545
NC_007335.2.fasta	0.754038	0.758362	0.574449	0.589001	0.666232	0.660677	0.661702	0.681856	0.719113	0.773748	0.9483744	0.738259	0.777317	0.661586	0.647565	0.720196	1	0.722361	0.80996	0.636637	0.613334	0.670311	0.670118	0.755819	0.553606	0.747463	0.774836	0.57596	0.821981	0.7282	0.687425	0.602594	0.687319	0.671848	0.649392	0.665827	0.791971	0.9504466	0.835951	0.9560672	0.761852	0.644275	0.624933	0.776655	0.71371	0.664407	0.840715	0.755637	0.640041	0.99511667	0.791859	0.627447	0.713103	0.671234	0.68319	0.591137	0.75022	0.623784	0.670332	0.9469983	0.645286	0.661363	0.691715	0.628581	0.627486	0.661946	0.853906	0.687426	0.574263	0.63879	0.811493
ADXL01.fasta	0.657401	0.9255299	0.73015	0.716192	0.629896	0.847996	0.605716	0.726926	0.9457449	0.670968	0.683295	0.601131	0.674008	0.774134	0.84058	0.684864	0.722361	1	0.66308	0.788015	0.79994	0.733702	0.774115	0.658788	0.569108	0.656194	0.67165	0.720492	0.682299	0.657354	0.723881	0.812489	0.713521	0.734192	0.84192	0.67617	0.671956	0.691784	0.863363	0.718606	0.9505192	0.653219	0.760372	0.673552	0.692679	0.629628	0.863794	0.9611939	0.710939	0.721868	0.633804	0.795918	0.687958	0.734008	0.727682	0.595473	0.684367	0.742678	0.734115	0.694918	0.813376	0.605832	0.663769	0.799326	0.799031	0.616164	0.695265	0.647473	0.73001	0.711083	0.648546
AAJM01.fasta	0.74733	0.667441	0.579129	0.558846	0.736443	0.607486	0.762648	0.700173	0.645867	0.778638	0.803436	0.779086	0.782811	0.676414	0.628923	0.710695	0.80996	0.66308	1	0.588787	0.570672	0.691971	0.704925	0.749795	0.605561	0.754633	0.780479	0.566231	0.832743	0.838743	0.705386	0.57714	0.699009	0.692623	0.629705	0.693561	0.766237	0.811638	0.705254	0.81477	0.68182	0.659702	0.630097	0.782304	0.704394	0.729438	0.708347	0.672668	0.650037	0.811169	0.875527	0.625111	0.730237	0.692863	0.700746	0.598073	0.797553	0.585977	0.692312	0.807767	0.625747	0.762404	0.630628	0.624184	0.624043	0.736003	0.80647	0.737019	0.577923	0.642272	0.893835
ANJD01.fasta	0.656793	0.783597	0.688321	0.782701	0.595731	0.9428267	0.612968	0.807541	0.795952	0.615776	0.609951	0.602876	0.618468	0.843303	0.88983	0.691655	0.636637	0.788015	0.588787	1	0.809673	0.799098	0.823926	0.653309	0.583212	0.672423	0.6158	0.818934	0.604958	0.62176	0.802563	0.821724	0.799892	0.799932	0.888723	0.713872	0.701362	0.614586	0.729389	0.638216	0.774829	0.698562	0.838203	0.618555	0.757772	0.60338	0.729647	0.784084	0.720185	0.637528	0.588654	0.822291	0.72516	0.799874	0.806585	0.721704	0.615753	0.805501	0.799494	0.615492	0.787891	0.613	0.611953	0.82546	0.82578	0.610381	0.644761	0.613345	0.687322	0.746811	0.601579
NZ_CP009494.1.fasta	0.604614	0.734197	0.737749	0.767394	0.600224	0.85805	0.564478	0.660306	0.761797	0.583001	0.604987	0.569907	0.584504	0.73174	0.878136	0.583423	0.613334	0.79994	0.570672	0.809673	1	0.655327	0.707413	0.603671	0.464616	0.566636	0.582974	0.811266	0.619132	0.561311	0.651734	0.87118	0.651042	0.655821	0.8783	0.615231	0.607887	0.612105	0.680538	0.631763	0.772491	0.654221	0.755797	0.584791	0.608678	0.611019	0.684307	0.782393	0.724307	0.611749	0.551761	0.826564	0.606002	0.655444	0.660443	0.59791	0.603333	0.85277	0.655753	0.616792	0.9166807	0.564456	0.588219	0.82713	0.827869	0.571244	0.614343	0.603418	0.737027	0.790576	0.579655
NC_016856.1.fasta	0.726871	0.750236	0.630481	0.694761	0.701733	0.775559	0.668687	0.9726246	0.74164	0.693573	0.667022	0.670149	0.696459	0.9426936	0.759155	0.775359	0.670311	0.733702	0.691971	0.799098	0.655327	1	0.9374336	0.724995	0.614857	0.812673	0.694698	0.691536	0.669811	0.706773	0.9746891	0.676662	0.9337575	0.999902489	0.759021	0.814841	0.79139	0.669164	0.7388	0.663177	0.735037	0.761264	0.795294	0.696154	0.891551	0.697284	0.739655	0.735644	0.706352	0.671256	0.704126	0.765772	0.82753	0.999900346	0.9725416	0.751126	0.752811	0.662121	0.999937624	0.672208	0.674957	0.668639	0.651243	0.779009	0.778895	0.690207	0.666616	0.653284	0.629839	0.730728	0.698241
NC_007712.1.fasta	0.738907	0.782605	0.631777	0.731123	0.716195	0.821435	0.703803	0.907902	0.77835	0.693836	0.66391	0.690233	0.697237	0.9222038	0.807922	0.77098	0.670118	0.774115	0.704925	0.823926	0.707413	0.9374336	1	0.73445	0.616922	0.804668	0.694406	0.733711	0.679244	0.725097	0.9100509	0.726276	0.9133847	0.9378229	0.808479	0.817136	0.805674	0.66671	0.751776	0.656506	0.779266	0.752272	0.827867	0.696495	0.869789	0.711481	0.751599	0.77565	0.709498	0.672546	0.711382	0.797237	0.837553	0.9379687	0.9070591	0.752567	0.762484	0.690307	0.9377102	0.671493	0.715717	0.703764	0.643096	0.822668	0.822012	0.725863	0.685614	0.648934	0.630305	0.764942	0.708013
AZKB01.fasta	0.99730697	0.701811	0.528629	0.595109	0.637077	0.650829	0.714502	0.727834	0.674801	0.735173	0.741121	0.753001	0.737263	0.696825	0.646687	0.698575	0.755819	0.658788	0.749795	0.653309	0.603671	0.724995	0.73445	1	0.601736	0.728689	0.736045	0.591612	0.689657	0.756699	0.735078	0.57981	0.737403	0.725499	0.646913	0.690741	0.768293	0.73529	0.740455	0.756258	0.682012	0.7875	0.665658	0.736765	0.725863	0.637666	0.744244	0.67766	0.712402	0.757652	0.81182	0.663768	0.693199	0.726198	0.727812	0.642814	0.691784	0.625214	0.724967	0.737314	0.624399	0.714446	0.688654	0.671051	0.670687	0.741257	0.727264	0.638416	0.529034	0.65261	0.747446
AFAO01.fasta	0.602224	0.602968	0.516773	0.519651	0.561096	0.564589	0.621717	0.607807	0.593676	0.638412	0.532478	0.601232	0.641797	0.603424	0.528157	0.654739	0.553606	0.569108	0.605561	0.583212	0.464616	0.614857	0.616922	0.601736	1	0.643575	0.638819	0.498181	0.544875	0.642776	0.610776	0.509772	0.637909	0.615144	0.527007	0.672146	0.625037	0.52859	0.630786	0.56049	0.553739	0.592164	0.568233	0.64017	0.639993	0.550374	0.623799	0.560029	0.5253	0.554071	0.615022	0.530714	0.655013	0.6155	0.609118	0.570851	0.619286	0.488834	0.615	0.528438	0.491771	0.621961	0.637306	0.53666	0.537149	0.606952	0.546185	0.575315	0.516801	0.522195	0.584493
NC_017731.1.fasta	0.729428	0.713056	0.507412	0.633323	0.676072	0.655103	0.744657	0.821957	0.682207	0.762711	0.723757	0.7564	0.765923	0.754727	0.62538	0.9018728	0.747463	0.656194	0.754633	0.672423	0.566636	0.812673	0.804668	0.728689	0.643575	1	0.763017	0.589843	0.679685	0.754975	0.828218	0.565892	0.87249	0.813631	0.625282	0.800447	0.9227496	0.725267	0.760484	0.729964	0.676138	0.75257	0.700298	0.764202	0.9223802	0.666587	0.754706	0.678393	0.60534	0.749231	0.818408	0.648084	0.893672	0.813936	0.822029	0.730592	0.747206	0.588641	0.812672	0.724927	0.566697	0.744583	0.706154	0.664333	0.663785	0.773776	0.714084	0.681402	0.506563	0.652734	0.77133
NZ_CP009976.1.fasta	0.734166	0.70337	0.601608	0.583284	0.663378	0.611695	0.729302	0.694449	0.677082	0.999281726	0.792878	0.771026	0.99841626	0.673397	0.603891	0.723312	0.774836	0.67165	0.780479	0.6158	0.582974	0.694698	0.694406	0.736045	0.638819	0.763017	1	0.555693	0.782636	0.736663	0.701002	0.580032	0.704142	0.695781	0.604057	0.698042	0.793741	0.798844	0.741909	0.801345	0.691223	0.694582	0.653488	0.99859428	0.732155	0.652564	0.73788	0.691849	0.601664	0.777369	0.800534	0.640573	0.746883	0.695637	0.695316	0.648796	0.799928	0.57404	0.694788	0.799777	0.609729	0.728882	0.785798	0.640284	0.639512	0.757121	0.794618	0.86409	0.60118	0.635182	0.797854
NC_003911.12.fasta	0.593713	0.67277	0.673495	0.899393	0.605898	0.797487	0.576741	0.691422	0.693233	0.556457	0.560773	0.563494	0.559541	0.752811	0.807502	0.579613	0.57596	0.720492	0.566231	0.818934	0.811266	0.691536	0.733711	0.591612	0.498181	0.589843	0.555693	1	0.594536	0.598737	0.684812	0.854368	0.685212	0.691813	0.806331	0.62448	0.613212	0.563245	0.626086	0.584763	0.701472	0.642911	0.848843	0.559412	0.648821	0.612066	0.627551	0.705926	0.664039	0.575015	0.544697	0.854774	0.608703	0.691739	0.691028	0.750276	0.588019	0.799929	0.692046	0.564497	0.784872	0.576858	0.550031	0.856451	0.856833	0.578599	0.605862	0.585271	0.674198	0.691555	0.559984
CP000312.1.fasta	0.686974	0.671416	0.607371	0.612758	0.738463	0.635334	0.727113	0.67782	0.652154	0.781692	0.844314	0.764673	0.786268	0.677823	0.652022	0.630211	0.821981	0.682299	0.832743	0.604958	0.619132	0.669811	0.679244	0.689657	0.544875	0.679685	0.782636	0.594536	1	0.695538	0.682269	0.608426	0.657537	0.670583	0.653649	0.665253	0.72691	0.851101	0.706415	0.819128	0.706761	0.625358	0.631083	0.785573	0.664956	0.734844	0.713625	0.691679	0.649318	0.824609	0.750832	0.646372	0.661026	0.670287	0.67837	0.593565	0.817252	0.623431	0.669902	0.848957	0.654671	0.726668	0.682508	0.641689	0.641349	0.720734	0.847091	0.75649	0.605888	0.648201	0.839426
NC_017196.2.fasta	0.757551	0.692962	0.571334	0.625491	0.65834	0.624888	0.721051	0.704105	0.669138	0.73713	0.702993	0.71723	0.740474	0.694929	0.625422	0.749766	0.7282	0.657354	0.838743	0.62176	0.561311	0.706773	0.725097	0.756699	0.642776	0.754975	0.736663	0.598737	0.695538	1	0.70844	0.592714	0.736354	0.70682	0.626145	0.740636	0.744845	0.699712	0.733304	0.743116	0.672333	0.733727	0.693438	0.739194	0.719034	0.652834	0.733689	0.670964	0.644895	0.729246	0.818947	0.675538	0.757282	0.707769	0.705132	0.639102	0.772447	0.591781	0.706928	0.698657	0.62301	0.720908	0.65613	0.68721	0.687026	0.701788	0.678645	0.653202	0.571575	0.644653	0.765306
AE014075.1.fasta	0.736074	0.757128	0.613408	0.698284	0.707731	0.768882	0.674244	0.99763837	0.740698	0.699992	0.679475	0.688773	0.703145	0.9251761	0.74384	0.795662	0.687425	0.723881	0.705386	0.802563	0.651734	0.9746891	0.9100509	0.735078	0.610776	0.828218	0.701002	0.684812	0.682269	0.70844	1	0.656523	0.9362213	0.9751217	0.743509	0.820471	0.813586	0.680285	0.751667	0.681736	0.735371	0.77045	0.793441	0.702433	0.9073597	0.70287	0.752822	0.735134	0.704394	0.688031	0.721586	0.754661	0.841117	0.9754288	0.99751904	0.769189	0.753298	0.657731	0.9747508	0.686547	0.661756	0.674143	0.655813	0.7673	0.767577	0.699496	0.676492	0.659309	0.612921	0.726849	0.713947
NC_002696.2.fasta	0.581734	0.743708	0.773737	0.795147	0.574416	0.865872	0.561238	0.665273	0.772149	0.579767	0.588905	0.560167	0.58278	0.751675	0.888481	0.577584	0.602594	0.812489	0.57714	0.821724	0.87118	0.676662	0.726276	0.57981	0.509772	0.565892	0.580032	0.854368	0.608426	0.592714	0.656523	1	0.64294	0.677112	0.888742	0.623074	0.601246	0.598207	0.680122	0.622659	0.778813	0.613326	0.802923	0.582354	0.601819	0.589353	0.680913	0.786876	0.720038	0.602945	0.53937	0.868305	0.599119	0.676506	0.665121	0.624238	0.596352	0.832119	0.677214	0.603571	0.886584	0.561294	0.597672	0.860076	0.860186	0.564698	0.628911	0.607503	0.773151	0.731909	0.572925
NC_004547.2.fasta	0.739524	0.756225	0.570835	0.724294	0.690369	0.756216	0.718265	0.9339944	0.737769	0.703848	0.667128	0.704916	0.70635	0.884834	0.716087	0.848753	0.687319	0.713521	0.699009	0.799892	0.651042	0.9337575	0.9133847	0.737403	0.637909	0.87249	0.704142	0.685212	0.657537	0.736354	0.9362213	0.64294	1	0.93435	0.715764	0.839596	0.835978	0.668156	0.758885	0.665034	0.726424	0.787607	0.801454	0.705764	0.9360786	0.682897	0.758249	0.729679	0.660063	0.689409	0.738452	0.738651	0.871608	0.9343703	0.934112	0.787368	0.753557	0.664945	0.9339876	0.670657	0.638593	0.718182	0.671521	0.76363	0.763509	0.735886	0.667987	0.649692	0.570812	0.71836	0.700255
NC_022569.1.fasta	0.727353	0.751148	0.630056	0.695055	0.701274	0.776335	0.66944	0.9730119	0.742277	0.694647	0.668228	0.671287	0.697555	0.9429233	0.759477	0.776694	0.671848	0.734192	0.692623	0.799932	0.655821	0.999902489	0.9378229	0.725499	0.615144	0.813631	0.695781	0.691813	0.670583	0.70682	0.9751217	0.677112	0.93435	1	0.759374	0.815279	0.792824	0.670376	0.739931	0.664606	0.735813	0.761217	0.795544	0.697248	0.892454	0.696784	0.7408	0.736409	0.706025	0.672832	0.704931	0.765763	0.828485	0.999855171	0.972915	0.751722	0.753321	0.662607	0.999871901	0.673449	0.675175	0.669388	0.652352	0.779091	0.778963	0.690883	0.667716	0.653964	0.629409	0.7312	0.699031
ASWV01.fasta	0.64941	0.791096	0.759178	0.743134	0.608726	0.9391466	0.590882	0.749255	0.812048	0.603869	0.632126	0.596043	0.606709	0.81257	0.999657901	0.619401	0.649392	0.84192	0.629705	0.888723	0.8783	0.759021	0.808479	0.646913	0.527007	0.625282	0.604057	0.806331	0.653649	0.626145	0.743509	0.888742	0.715764	0.759374	1	0.675925	0.661736	0.637798	0.735076	0.659986	0.823852	0.655961	0.807529	0.607516	0.675724	0.620436	0.739127	0.823857	0.783987	0.652146	0.600662	0.865132	0.657661	0.759224	0.748657	0.619941	0.640177	0.854292	0.759247	0.64174	0.898766	0.590954	0.602023	0.866399	0.866463	0.593058	0.668315	0.611394	0.757457	0.787473	0.624195
CP001733.1.fasta	0.691216	0.695859	0.58217	0.677639	0.653794	0.721046	0.71192	0.820959	0.682394	0.698312	0.650446	0.705122	0.702364	0.79931	0.675784	0.782315	0.665827	0.67617	0.693561	0.713872	0.615231	0.814841	0.817136	0.690741	0.672146	0.800447	0.698042	0.62448	0.665253	0.740636	0.820471	0.623074	0.839596	0.815279	0.675925	1	0.78265	0.648228	0.712439	0.653577	0.680552	0.735302	0.738638	0.701132	0.813032	0.652186	0.713028	0.682082	0.603076	0.667497	0.726016	0.702457	0.811041	0.815387	0.821698	0.71635	0.750507	0.595985	0.81533	0.65984	0.628345	0.711786	0.66212	0.721212	0.720873	0.704195	0.639565	0.652769	0.580952	0.651827	0.699938
NC_003910.7.fasta	0.77095	0.727889	0.543706	0.63292	0.701211	0.690827	0.723365	0.806555	0.698815	0.793794	0.77727	0.776842	0.796357	0.745828	0.662179	0.883548	0.791971	0.671956	0.766237	0.701362	0.607887	0.79139	0.805674	0.768293	0.625037	0.9227496	0.793741	0.613212	0.72691	0.744845	0.813586	0.601246	0.835978	0.792824	0.661736	0.78265	1	0.778555	0.769033	0.787369	0.700184	0.764085	0.697618	0.794317	0.887875	0.696569	0.763959	0.698507	0.641628	0.79492	0.828739	0.666546	0.9034799	0.793029	0.805886	0.7221	0.749983	0.615651	0.791393	0.780413	0.61016	0.723293	0.704913	0.679039	0.678228	0.769517	0.763181	0.716809	0.542456	0.648767	0.827336
NC_005072.1.fasta	0.733788	0.713137	0.589058	0.570587	0.689581	0.641805	0.676324	0.67532	0.679293	0.797538	0.9841986	0.754016	0.800177	0.662641	0.636016	0.679038	0.9504466	0.691784	0.811638	0.614586	0.612105	0.669164	0.66671	0.73529	0.52859	0.725267	0.798844	0.563245	0.851101	0.699712	0.680285	0.598207	0.668156	0.670376	0.637798	0.648228	0.778555	1	0.772523	0.9233017	0.728755	0.637274	0.617424	0.800085	0.696213	0.687586	0.778335	0.718735	0.648793	0.9521476	0.776283	0.622345	0.693429	0.669922	0.676188	0.586937	0.762991	0.618543	0.669205	0.9824142	0.645918	0.675809	0.70364	0.622876	0.621633	0.685163	0.883325	0.719616	0.588217	0.634046	0.824278
NC_005071.1.fasta	0.738651	0.9314527	0.623818	0.663173	0.642082	0.753373	0.635672	0.747206	0.898946	0.74121	0.767884	0.655873	0.743905	0.733848	0.733228	0.773005	0.835951	0.863363	0.705254	0.729389	0.680538	0.7388	0.751776	0.740455	0.630786	0.760484	0.741909	0.626086	0.706415	0.733304	0.751667	0.680122	0.758885	0.739931	0.735076	0.712439	0.769033	0.772523	1	0.835097	0.899209	0.70117	0.722157	0.742887	0.768947	0.638854	0.99364888	0.9064342	0.672547	0.835034	0.718984	0.718005	0.746048	0.740021	0.748092	0.632858	0.725308	0.660164	0.738903	0.772538	0.697005	0.635556	0.742448	0.731117	0.731022	0.649754	0.718077	0.651307	0.624162	0.68609	0.693606
NC_005042.1.fasta	0.752701	0.75171	0.592233	0.584899	0.661801	0.662155	0.647924	0.67568	0.716659	0.8008	0.9181769	0.731181	0.803872	0.657216	0.658398	0.705246	0.9560672	0.718606	0.81477	0.638216	0.631763	0.663177	0.656506	0.756258	0.56049	0.729964	0.801345	0.584763	0.819128	0.743116	0.681736	0.622659	0.665034	0.664606	0.659986	0.653577	0.787369	0.9233017	0.835097	1	0.754312	0.648	0.622406	0.803004	0.692575	0.656567	0.837764	0.748658	0.637082	0.9552653	0.791022	0.642328	0.702458	0.664226	0.67678	0.580616	0.761057	0.641001	0.663187	0.9201351	0.6652	0.647672	0.706679	0.6371	0.636463	0.649224	0.83194	0.730996	0.592656	0.642975	0.816085
NC_005070.1.fasta	0.680367	0.9620768	0.700222	0.708179	0.640376	0.820956	0.607336	0.734645	0.9561015	0.690503	0.721978	0.62114	0.693778	0.760671	0.821416	0.687847	0.761852	0.9505192	0.68182	0.774829	0.772491	0.735037	0.779266	0.682012	0.553739	0.676138	0.691223	0.701472	0.706761	0.672333	0.735371	0.778813	0.726424	0.735813	0.823852	0.680552	0.700184	0.728755	0.899209	0.754312	1	0.670729	0.755117	0.692957	0.713287	0.641866	0.9048582	0.9852114	0.707808	0.762209	0.666668	0.772302	0.684626	0.735864	0.735168	0.614745	0.704151	0.714431	0.735495	0.729756	0.789877	0.607357	0.675014	0.782613	0.782442	0.622298	0.721111	0.642893	0.699546	0.726461	0.681986
NZ_AP012544.1.fasta	0.790735	0.692454	0.57073	0.647525	0.659565	0.671427	0.690996	0.765992	0.668997	0.695309	0.642732	0.693966	0.697045	0.717917	0.657262	0.72802	0.644275	0.653219	0.659702	0.698562	0.654221	0.761264	0.752272	0.7875	0.592164	0.75257	0.694582	0.642911	0.625358	0.733727	0.77045	0.613326	0.787607	0.761217	0.655961	0.735302	0.764085	0.637274	0.70117	0.648	0.670729	1	0.727386	0.695781	0.77121	0.659741	0.701833	0.668748	0.684233	0.641308	0.763393	0.70085	0.736945	0.762131	0.76619	0.738449	0.674619	0.647737	0.760998	0.64459	0.638219	0.690994	0.669854	0.714599	0.715255	0.728909	0.624477	0.652247	0.571778	0.667071	0.69939
NC_015183.1.fasta	0.668145	0.758078	0.663215	0.82231	0.698383	0.801784	0.667836	0.794041	0.763209	0.653595	0.615496	0.63887	0.65596	0.830754	0.80948	0.687712	0.624933	0.760372	0.630097	0.838203	0.755797	0.795294	0.827867	0.665658	0.568233	0.700298	0.653488	0.848843	0.631083	0.693438	0.793441	0.802923	0.801454	0.795544	0.807529	0.738638	0.697618	0.617424	0.722157	0.622406	0.755117	0.727386	1	0.656167	0.75038	0.698761	0.722396	0.760271	0.704893	0.627322	0.620003	0.9413114	0.740183	0.795906	0.793608	0.787437	0.70403	0.779352	0.795386	0.620591	0.755515	0.66783	0.624987	0.9531135	0.9531725	0.677819	0.658921	0.649068	0.663408	0.731611	0.613055
ATLH01.fasta	0.734884	0.704237	0.602185	0.585795	0.665452	0.614689	0.731176	0.695867	0.677839	0.9985672	0.79409	0.773318	0.99873097	0.675458	0.607319	0.724384	0.776655	0.673552	0.782304	0.618555	0.584791	0.696154	0.696495	0.736765	0.64017	0.764202	0.99859428	0.559412	0.785573	0.739194	0.702433	0.582354	0.705764	0.697248	0.607516	0.701132	0.794317	0.800085	0.742887	0.803004	0.692957	0.695781	0.656167	1	0.73262	0.654057	0.739056	0.693169	0.602426	0.779467	0.802426	0.642649	0.746746	0.697091	0.696737	0.650942	0.801971	0.575662	0.696249	0.800904	0.611554	0.730789	0.785919	0.642883	0.642067	0.758278	0.797481	0.866025	0.60176	0.636053	0.800341
NZ_CP009840.1.fasta	0.727553	0.749442	0.551889	0.69621	0.699391	0.723445	0.706876	0.9014311	0.724268	0.731664	0.69346	0.720411	0.733739	0.825249	0.6761	0.867619	0.71371	0.692679	0.704394	0.757772	0.608678	0.891551	0.869789	0.725863	0.639993	0.9223802	0.732155	0.648821	0.664956	0.719034	0.9073597	0.601819	0.9360786	0.892454	0.675724	0.813032	0.887875	0.696213	0.768947	0.692575	0.713287	0.77121	0.75038	0.73262	1	0.689526	0.764616	0.715605	0.643127	0.714871	0.755489	0.693588	0.884743	0.892614	0.9012738	0.769756	0.742374	0.616121	0.891582	0.697149	0.60207	0.706787	0.691481	0.710661	0.71043	0.742172	0.687878	0.654329	0.551124	0.686868	0.722449
NC_002754.1.fasta	0.636634	0.623342	0.585687	0.619002	0.979882	0.604548	0.679795	0.698175	0.616159	0.651685	0.686568	0.661462	0.655372	0.674636	0.621048	0.636216	0.664407	0.629628	0.729438	0.60338	0.611019	0.697284	0.711481	0.637666	0.550374	0.666587	0.652564	0.612066	0.734844	0.652834	0.70287	0.589353	0.682897	0.696784	0.620436	0.652186	0.696569	0.687586	0.638854	0.656567	0.641866	0.659741	0.698761	0.654057	0.689526	1	0.637829	0.63841	0.648879	0.663368	0.665692	0.671744	0.700373	0.697288	0.698814	0.625196	0.739687	0.58131	0.696993	0.693035	0.621286	0.679808	0.565615	0.676834	0.676712	0.699739	0.688667	0.671779	0.585432	0.640425	0.712218
NC_008820.1.fasta	0.742364	0.9312181	0.623349	0.662174	0.639352	0.755192	0.636019	0.748582	0.897242	0.737072	0.77327	0.658119	0.739926	0.736325	0.736926	0.76528	0.840715	0.863794	0.708347	0.729647	0.684307	0.739655	0.751599	0.744244	0.623799	0.754706	0.73788	0.627551	0.713625	0.733689	0.752822	0.680913	0.758249	0.7408	0.739127	0.713028	0.763959	0.778335	0.99364888	0.837764	0.9048582	0.701833	0.722396	0.739056	0.764616	0.637829	1	0.9073596	0.680787	0.840065	0.720125	0.721761	0.73712	0.740863	0.74941	0.632746	0.725492	0.668214	0.739788	0.777341	0.703076	0.635921	0.741702	0.734611	0.734431	0.647207	0.723433	0.65193	0.623757	0.691879	0.697009
NZ_CP006882.1.fasta	0.676159	0.967648	0.705542	0.714936	0.638518	0.830096	0.601885	0.735396	0.9675658	0.691207	0.711834	0.610106	0.694082	0.764689	0.822126	0.703071	0.755637	0.9611939	0.672668	0.784084	0.782393	0.735644	0.77565	0.67766	0.560029	0.678393	0.691849	0.705926	0.691679	0.670964	0.735134	0.786876	0.729679	0.736409	0.823857	0.682082	0.698507	0.718735	0.9064342	0.748658	0.9852114	0.668748	0.760271	0.693169	0.715605	0.63841	0.9073596	1	0.70307	0.756414	0.655564	0.777651	0.700867	0.736409	0.736164	0.614527	0.698226	0.713477	0.736048	0.720762	0.792697	0.601895	0.677861	0.788638	0.788433	0.619025	0.708818	0.643335	0.704989	0.723744	0.668738
NC_008054.1.fasta	0.713382	0.682775	0.714269	0.639314	0.638345	0.751834	0.644364	0.70522	0.681534	0.60013	0.647438	0.623935	0.601344	0.704322	0.784284	0.578493	0.640041	0.710939	0.650037	0.720185	0.724307	0.706352	0.709498	0.712402	0.5253	0.60534	0.601664	0.664039	0.649318	0.644895	0.704394	0.720038	0.660063	0.706025	0.783987	0.603076	0.641628	0.648793	0.672547	0.637082	0.707808	0.684233	0.704893	0.602426	0.643127	0.648879	0.680787	0.70307	1	0.641832	0.648563	0.752578	0.610212	0.707168	0.704734	0.559846	0.636184	0.724715	0.706644	0.647226	0.76755	0.644251	0.59898	0.737181	0.737295	0.629053	0.655061	0.570755	0.713333	0.688653	0.628572
NC_008819.1.fasta	0.755941	0.758505	0.575622	0.58843	0.665252	0.661801	0.665558	0.682291	0.719013	0.776329	0.9498966	0.742169	0.780172	0.662077	0.650327	0.720621	0.99511667	0.721868	0.811169	0.637528	0.611749	0.671256	0.672546	0.757652	0.554071	0.749231	0.777369	0.575015	0.824609	0.729246	0.688031	0.602945	0.689409	0.672832	0.652146	0.667497	0.79492	0.9521476	0.835034	0.9552653	0.762209	0.641308	0.627322	0.779467	0.714871	0.663368	0.840065	0.756414	0.641832	1	0.793601	0.629006	0.71413	0.672299	0.683477	0.593236	0.753515	0.62514	0.671298	0.9482442	0.644982	0.665189	0.693554	0.63076	0.629564	0.665255	0.858049	0.689605	0.575412	0.638315	0.815941
CP002491.1.fasta	0.811789	0.675767	0.548152	0.558121	0.673093	0.589363	0.79121	0.714363	0.641382	0.800015	0.773587	0.839391	0.802673	0.663003	0.599687	0.75727	0.791859	0.633804	0.875527	0.588654	0.551761	0.704126	0.711382	0.81182	0.615022	0.818408	0.800534	0.544697	0.750832	0.818947	0.721586	0.53937	0.738452	0.704931	0.600662	0.726016	0.828739	0.776283	0.718984	0.791022	0.666668	0.763393	0.620003	0.802426	0.755489	0.665692	0.720125	0.655564	0.648563	0.793601	1	0.604446	0.742795	0.705449	0.714942	0.637066	0.756528	0.567592	0.704378	0.773916	0.592289	0.791045	0.691939	0.60765	0.607357	0.79258	0.749114	0.701863	0.54796	0.651908	0.86314
NC_020528.1.fasta	0.665885	0.757334	0.722449	0.804376	0.663589	0.826085	0.621854	0.757013	0.773515	0.640287	0.616234	0.615637	0.642846	0.810026	0.866273	0.64101	0.627447	0.795918	0.625111	0.822291	0.826564	0.765772	0.797237	0.663768	0.530714	0.648084	0.640573	0.854774	0.646372	0.675538	0.754661	0.868305	0.738651	0.765763	0.865132	0.702457	0.666546	0.622345	0.718005	0.642328	0.772302	0.70085	0.9413114	0.642649	0.693588	0.671744	0.721761	0.777651	0.752578	0.629006	0.604446	1	0.689164	0.766105	0.757145	0.704052	0.6872	0.851173	0.765926	0.627243	0.840523	0.621849	0.619907	0.9812574	0.9814858	0.631375	0.653441	0.648271	0.722606	0.75548	0.60782
NC_018679.1.fasta	0.695503	0.731037	0.555653	0.65034	0.710113	0.710525	0.694705	0.837853	0.71371	0.746397	0.691061	0.696051	0.749844	0.791298	0.658877	0.9238335	0.713103	0.687958	0.730237	0.72516	0.606002	0.82753	0.837553	0.693199	0.655013	0.893672	0.746883	0.608703	0.661026	0.757282	0.841117	0.599119	0.871608	0.828485	0.657661	0.811041	0.9034799	0.693429	0.746048	0.702458	0.684626	0.736945	0.740183	0.746746	0.884743	0.700373	0.73712	0.700867	0.610212	0.71413	0.742795	0.689164	1	0.828394	0.838068	0.712834	0.777599	0.602535	0.827526	0.69853	0.599657	0.694611	0.656547	0.710115	0.709631	0.72684	0.69634	0.701362	0.55402	0.677826	0.763559
NC_016810.1.fasta	0.728081	0.751293	0.630402	0.695038	0.701725	0.775688	0.66949	0.9731669	0.742547	0.694524	0.667958	0.671546	0.697413	0.9426261	0.759336	0.776269	0.671234	0.734008	0.692863	0.799874	0.655444	0.999900346	0.9379687	0.726198	0.6155	0.813936	0.695637	0.691739	0.670287	0.707769	0.9754288	0.676506	0.9343703	0.999855171	0.759224	0.815387	0.793029	0.669922	0.740021	0.664226	0.735864	0.762131	0.795906	0.697091	0.892614	0.697288	0.740863	0.736409	0.707168	0.672299	0.705449	0.766105	0.828394	1	0.9730931	0.752233	0.753401	0.66254	0.999886142	0.673031	0.675216	0.669437	0.651975	0.779151	0.77903	0.690937	0.666975	0.653327	0.629751	0.731437	0.699141
NC_012971.2.fasta	0.728692	0.756252	0.619089	0.703214	0.703384	0.775414	0.668316	0.999450447	0.741043	0.694186	0.674732	0.68315	0.697522	0.9271031	0.748975	0.792923	0.68319	0.727682	0.700746	0.806585	0.660443	0.9725416	0.9070591	0.727812	0.609118	0.822029	0.695316	0.691028	0.67837	0.705132	0.99751904	0.665121	0.934112	0.972915	0.748657	0.821698	0.805886	0.676188	0.748092	0.67678	0.735168	0.76619	0.793608	0.696737	0.9012738	0.698814	0.74941	0.736164	0.704734	0.683477	0.714942	0.757145	0.838068	0.9730931	1	0.766919	0.75075	0.661291	0.972713	0.682681	0.669377	0.668247	0.654825	0.770633	0.770865	0.69289	0.673837	0.658169	0.618496	0.72812	0.708126
NC_014010.1.fasta	0.646861	0.636224	0.545074	0.774483	0.628293	0.655165	0.671585	0.767198	0.622501	0.650446	0.588316	0.655785	0.651033	0.738593	0.621255	0.690005	0.591137	0.595473	0.598073	0.721704	0.59791	0.751126	0.752567	0.642814	0.570851	0.730592	0.648796	0.750276	0.593565	0.639102	0.769189	0.624238	0.787368	0.751722	0.619941	0.71635	0.7221	0.586937	0.632858	0.580616	0.614745	0.738449	0.787437	0.650942	0.769756	0.625196	0.632746	0.614527	0.559846	0.593236	0.637066	0.704052	0.712834	0.752233	0.766919	1	0.633848	0.619255	0.750848	0.590095	0.572532	0.671519	0.602627	0.724818	0.725001	0.693228	0.614658	0.643157	0.544979	0.62871	0.625171
CP003184.1.fasta	0.688434	0.699	0.622212	0.618093	0.752734	0.631922	0.720783	0.748527	0.67792	0.799684	0.762164	0.737011	0.80406	0.734149	0.639636	0.711746	0.75022	0.684367	0.797553	0.615753	0.603333	0.752811	0.762484	0.691784	0.619286	0.747206	0.799928	0.588019	0.817252	0.772447	0.753298	0.596352	0.753557	0.753321	0.640177	0.750507	0.749983	0.762991	0.725308	0.761057	0.704151	0.674619	0.70403	0.801971	0.742374	0.739687	0.725492	0.698226	0.636184	0.753515	0.756528	0.6872	0.777599	0.753401	0.75075	0.633848	1	0.587432	0.753013	0.762864	0.629754	0.720397	0.68673	0.696914	0.696221	0.721669	0.758917	0.759597	0.622221	0.689807	0.814018
NC_008542.1.fasta	0.626069	0.688727	0.659826	0.747321	0.565871	0.818606	0.590761	0.662029	0.704139	0.573693	0.611016	0.588164	0.575902	0.740205	0.85403	0.578555	0.623784	0.742678	0.585977	0.805501	0.85277	0.662121	0.690307	0.625214	0.488834	0.588641	0.57404	0.799929	0.623431	0.591781	0.657731	0.832119	0.664945	0.662607	0.854292	0.595985	0.615651	0.618543	0.660164	0.641001	0.714431	0.647737	0.779352	0.575662	0.616121	0.58131	0.668214	0.713477	0.724715	0.62514	0.567592	0.851173	0.602535	0.66254	0.661291	0.619255	0.587432	1	0.662192	0.61759	0.829378	0.590608	0.581468	0.841746	0.841907	0.583125	0.631894	0.604378	0.659978	0.737945	0.581522
NC_003197.1.fasta	0.726812	0.750531	0.630856	0.695137	0.701485	0.775994	0.668904	0.9727874	0.741987	0.693637	0.667077	0.670337	0.696552	0.9429527	0.759383	0.775422	0.670332	0.734115	0.692312	0.799494	0.655753	0.999937624	0.9377102	0.724967	0.615	0.812672	0.694788	0.692046	0.669902	0.706928	0.9747508	0.677214	0.9339876	0.999871901	0.759247	0.81533	0.791393	0.669205	0.738903	0.663187	0.735495	0.760998	0.795386	0.696249	0.891582	0.696993	0.739788	0.736048	0.706644	0.671298	0.704378	0.765926	0.827526	0.999886142	0.972713	0.750848	0.753013	0.662192	1	0.672284	0.675356	0.66886	0.651434	0.779201	0.779086	0.690241	0.666728	0.653032	0.630216	0.731054	0.698344
